18715041163
18710444668
18710483431
18710237857
18713330615
18710592542
18719007465
18712737934
18718432507
18719721215
18712451614
18716831051
18715424991
18714731639
18717727931
18716035468
18714848591
18712751243
18719162306
18710058401
18711357084
18713216996
18717812856
18718664776
18716428678
18716465495
18716648530
18719500832
18717134435
18715759907
18716464813
18714437607
18713568826
18719227402
18715447028
18710659674
18719245685
18712320483
18713458596
18715033839
18716931207
18714098471
18719700668
18717282114
18717684954
18714128768
18712850089
18711911382
18712373864
18717717390
18713524602
18717327997
18711160102
18711769834
18712458800
18714690231
18711909237
18711814161
18718467826
18718580388
18712296517
18714136275
18719270803
18712145763
18717901624
18719788018
18714717140
18711301304
18718812727
18713567301
18716094619
18713506299
18710859979
18717352371
18715818137
18714152643
18716335497
18711313462
18717910010
18716277810
18710420259
18712926039
18715801076
18712603109
18713907677
18715271877
18714944561
18714982210
18710918912
18714326059
18718737609
18711381295
18716585808
18711533681
18713206783
18718222535
18711874563
18715242492
18713585742
18715888430
